permit_number,sub_type,work_type,permit_location,date_issued,work_description,status,folder_owner,folder_owner_addrhouse,folder_owner_addrstreet,folder_owner_addrstreettype,folder_owner_addrunittype,folder_owner_addrunit,folder_owner_addrcity,folder_owner_addrprovince,folder_owner_addrpostal,folder_owner_phone,property_owner,property_owner_addrhouse,property_owner_addrstreet,property_owner_addrstreettype,property_owner_addrunittype,property_owner_addrunit,property_owner_addrcity,property_owner_addrprovince,property_owner_addrpostal,property_owner_phone,total_existing_bldg_footage,total_new_add_footage,total_valuation_remodel,total_job_valuation,remodel_repair_footage,number_of_units,usage_category,legal_description
2006-013489 EP,R- 436 Addn to increase housing units,Addition,2022 TRAVIS HEIGHTS BLVD,10/10/2008,Adding New 2stry Structure W/Covd Porch & Uncovd Patio To Create Duplex - 6 Total Bedrms,Final,,,,,,,,,,,,,,,,,,,,,0,2196,,80000,,2,,Lot: 6 Block: Subdivision:
2008-013546 MP,C- 101 Single Family Houses,New,2301 S 5TH ST UNIT 1,10/10/2008,New Multi-Family Residential Condominiums,Final,"Robert C Henderson, Austin Air Conditioning, Inc.",13620,IMMANEUL,RD,,,PFLUGERVILLE,TX,78660,(512) 252-7711,,,,,,,,,,,,3264,,,,1,0,
2008-013548 MP,C- 101 Single Family Houses,New,2301 S 5TH ST UNIT 3,10/10/2008,New Multi-Family Residential Condominiums,Final,"Robert C Henderson, Austin Air Conditioning, Inc.",13620,IMMANEUL,RD,,,PFLUGERVILLE,TX,78660,(512) 252-7711,,,,,,,,,,,,3416,,,,1,0,
2008-036897 PP,C-1000 Commercial Remodel,Remodel,3814 WOODBURY DR,10/10/2008,Interior remodel to existing admn/bus office.,Final,"Rogelio Suarez Vasquez, R & R Plumbing",12006,Greenleaf,Dr,,,Austin,TX,78725,(512) 382-1994,TWIN OAKS ASSOCIATES LTD,,,,,,AUSTIN,TX,78704 0020,,,,,,1500,0,0,Lot: 15 Block: Subdivision: WOODWARD INDUSTRIAL DISTRICT
2008-042135 MP,R- 101 Single Family Houses,New,5733 TOSCANA AVE,10/10/2008,"New 2-story single-family residence, attached garage, covered porch and patio. **VOL BUILD PROJECT**",Final,"Eugene Rampy, Centex Mechanical Inc.",,,,,,Bastrop,TX,78602,(512) 303-6060,,,,,,,,,,,,2081,,,,1,0,LOT 44 BLK D MEADOWS AT TRINITY CROSSING PHS 1-B
2008-047105 EP,R- 434 Addition & Alterations,Addition and Remodel,3202 SOUTH OAK DR,10/10/2008,"Partial demolition to construct addtn to rear of exst 1 story sf res to add master suite, office, screened porch. Rmdl to int of exst sf res to update kitchen/bath, windows/doors. Replace roof.",Final,"David E. Allison, Allison Electric",181,CR 135,,,,Hutto,TX,78634,(512) 848-3975,SHIPLEY INVESTMENTS LTD,,,,,,HOUSTON,TX,77019 6024,,1252.37,565.65,,,,1,0,LOT 6 BLK A SOUTH TERRACE ADDN
2008-048448 EP,R- 434 Addition & Alterations,Addition and Remodel,4110 ROSEDALE AVE,10/10/2008,"remodel of entire kitchen to replace electrical and plumbing, reconfigure walls and replace insulation and sheetrock; addition of new wood deck to rear of existing sf res",Final,"Jeff Ellis, AAAA Electric",503,Los Vista,DR,,,LEANDER,TX,78641,(512) 968-5843,,,,,,,,,,,1396,256,,,,1,0,Lot: 6 Block: 3 Subdivision: ROSEDALE A
2008-053868 MP,R- 101 Single Family Houses,New,5736 MERRYWING CIR,10/10/2008,"New two story sf res with attached garage, covered patios, covered porches and balcony",Final,"Stanley Johnson,",9200,WATERFORD CENTRE,BLVD,Unit,100,AUSTIN,TX,78758,(512) 929-9393,,,,,,,,,,,,8445,,,,1,0,
2008-054320 MP,R- 101 Single Family Houses,New,10808 ROY BUTLER DR,10/10/2008,"New 2-story single-family residence, attached garage, covered porch and patio.",Final,"Robert C Henderson, Austin Air Conditioning, Inc.",13620,IMMANEUL,RD,,,PFLUGERVILLE,TX,78660,(512) 252-7711,,,,,,,,,,,,5667,,,,1,0,
2008-055497 MP,R- 103 Two Family Bldgs,New,500 KENNISTON DR,10/10/2008,"new two story duplex with att gar, and covered porches",Final,"Thomas McClaude, T M AC & Heating",1713,Jackson,Dr,,,Cedar Park,TX,78613,(512) 335-6801,,,,,,,,,,,,3766,,,,2,0,
2008-057118 EP,C-1000 Commercial Remodel,Remodel,208 BARTON SPRINGS RD,10/10/2008,Interior Remodel to existing Hotel to relocate dumbwaiter on 2nd floor,Final,"Robert Schmidt, Schmidt Electric Co Inc.(Main)",9701,Fm 1625,,,,Austin,TX,78747,(512) 243-1450,FAIRFIELD TOWN LAKE/ZILKER LP,,,,,,GRAND PRAIRIE,TX,75050 1499,,,,,,153,1,0,Lot: A Block: Subdivision: T. L. SUBDIVISION 3A
2008-057118 EP,C-1000 Commercial Remodel,Remodel,208 BARTON SPRINGS RD,10/10/2008,Interior Remodel to existing Hotel to relocate dumbwaiter on 2nd floor,Final,"Robert Schmidt, Schmidt Electric Co Inc.(Main)",9701,Fm 1625,,,,Austin,TX,78747,(512) 243-1450,TANTALLON AUSTIN HOTEL LLC,,,,,,ORLANDO,FL,32809 7081,,,,,,153,1,0,Lot: A Block: Subdivision: T. L. SUBDIVISION 3A
2008-057118 EP,C-1000 Commercial Remodel,Remodel,208 BARTON SPRINGS RD,10/10/2008,Interior Remodel to existing Hotel to relocate dumbwaiter on 2nd floor,Final,"Robert Schmidt, Schmidt Electric Co Inc.(Main)",9701,Fm 1625,,,,Austin,TX,78747,(512) 243-1450,TANTALLON AUSTIN HOTEL LLC,1500,Sand Lake,RD,,,ORLANDO,FL,32809 7081,,,,,,153,1,0,Lot: A Block: Subdivision: T. L. SUBDIVISION 3A
2008-061582 EP,R- 434 Addition & Alterations,Addition and Remodel,2415 DORMARION LN,10/10/2008,Extend existing master bedroom. Add new study and new master bath. Add some new interior walls as part of this construction (marked on the floor plan).,Final,"Kenneth Franklin, K C Electrical Contractors, Inc.",1121,Terjo,LN,,,Austin,TX,78732,(512) 266-9460,,,,,,,,,,,2377,696,,,,1,0,"Lot: 68A Block: Subdivision: TARRYTOWN 5, RESUB OF PART OF LOTS 66-68"
2008-061694 EP,R- 101 Single Family Houses,New,2004 RIVERVIEW ST,10/10/2008,"New 2-story single-family residence, covered porch and patio.",Final,"Bryan Neal, Powerhouse Electrical Services, Inc.",503,Farley,DR,,,Austin,TX,78753,(512) 832-8900,,,,,,,,,,,,2741,,,,1,0,Lot: 11 Block: Subdivision: DRIVING PARK ADDN 1910
2008-061697 MP,R- 101 Single Family Houses,New,11617 LEAPWOOD PL,10/10/2008,new 2 story sf res w att garage and cov porch,Final,"George Christianson, Casa Mechanical Services",2401,Old Settlers,,,,Round Rock,TX,78665,(512) 334-7300,Q RANCH LLC,,,,,,AUSTIN,TX,78755 0246,,,3742,,,,1,0,
2008-063325 EP,R- 434 Addition & Alterations,Addition,2022 TRAVIS HEIGHTS BLVD,10/10/2008,Add basement underneath exst 2 story duplex to create workout/workshop and storage rm.,Final,,,,,,,,,,,,,,,,,,,,,4278,601,,,,2,0,Lot: 6 Block: Subdivision:
2008-063921 PP,R- 435 Renovations/Remodel,Remodel,3406 E MARTIN LUTHER KING JR BLVD,10/10/2008,"new wiring, plumbing, HVAC, roof, drywall, windows, doors and flooring throughout existing sf res where needed; convert part of carport into new bedroom",Expired,"Victor A. Barrera Jr, BARRERA PLUMBING SERVICES",7509,Cooper,LN,,,Austin,TX,78745,(512) 445-4831,,,,,,,,,,,,,,,0,1,0,Lot: 44 Block: Subdivision: MANOR ROAD ADDN
2008-064767 EP,C- 321 Pkg Garage Bldg & Open Deck,New,811 TRINITY ST,10/10/2008,"New Construction Parking Garage Structure ( 78941sf. ), with Shell Retail ( 3765 sf. ).",Final,"Winfield Haggard, Fisk Electric Co.",111,T.C. JESTER,BLVD,,,HOUSTON,TX,77007,(713) 865-9425,,,,,,,,,,,,78941,,,,0,0,Lot: 8 Block: 94 Subdivision:
2008-069257 EP,R- 103 Two Family Bldgs,New,1009 TAULBEE LN Bldg 1 unit E & F,10/10/2008,"New two story duplex w/att garages, porches & patios Bldg 1 unit E & F",VOID,"Norberto Martinez, Martinez Electric",,,,,,Elgin,TX,78621,(512) 636-2882,,,,,,,,,,,,3734.45,,,,2,0,
2008-072162 MP,R- 101 Single Family Houses,New,4116 GOCHMAN ST,10/10/2008,"New 1-story single-family residence, attached garage, covered porch and patio (designated, in the Mueller Development, as a ""Yard House""). **RESOLUTION #000420-76 WAIVES FEES FOR THIS SMART HOUSING PROJECT**.",Final,"Daniel Ramsey, Evenaire, LLC",21424,Martin,LN,,,Pflugerville,TX,78660,(512) 990-2300,,,,,,,,,,,,2031,,,,1,0,Lot: 26 Block: 41 Subdivision: MUELLER-SECTION V
2008-072259 EP,R- 329 Res Structures Other Than Bldg,New,11409 VIRIDIAN WAY,10/10/2008,New inground swimming pool & spa w/ req'd enclosure device for exist. 2 story SF residence,Final,"Steven Cunningham, S & J Leyva Electric",1508,Yager,Ln,,,Austin,TX,78753,(512) 663-1555,,,,,,,,,,,,580,,,,1,0,Lot: 3 Block: GG Subdivision: HIELSCHER SECTION 15
2008-073156 EP,R- 101 Single Family Houses,New,13300 O ROURKE DR,10/10/2008,"New 1-story single-family residence, attached garage, covered porch. **VOL BUILD PROJECT**",Final,"Ronnie Kruse,",2215,Investment,DR,,,Pflugerville,TX,78660,(512) 252-0040,,,,,,,,,,,,1900,,,,1,0,
2008-073167 EP,R- 101 Single Family Houses,New,13413 O ROURKE DR,10/10/2008,"New 1-story single-family residence, attached garage, covered porch. **VOL BUILD PROJECT**",Final,"Ronnie Kruse,",2215,Investment,DR,,,Pflugerville,TX,78660,(512) 252-0040,,,,,,,,,,,,1900,,,,1,0,
2008-073182 EP,R- 101 Single Family Houses,New,13105 LISMORE LN,10/10/2008,"New 2-story single-family residence, attached garage, covered porch.",Final,"Ronnie Kruse,",2215,Investment,DR,,,Pflugerville,TX,78660,(512) 252-0040,,,,,,,,,,,,2529,,,,1,0,
2008-073646 EP,C-1000 Commercial Remodel,Remodel,701 BRAZOS ST,10/10/2008,Interior Remodel to existing Admn/Bus-Hotel - 1ST FLOOR RESTROOMS - LOBBY AREA.,Final,"Lee Fowler, All About Electric",1506,Strickland,DR,,,Austin,TX,78748,(512) 574-3948,,,,,,,,,,,,,,,414,1,0,
2008-074213 EP,C-1000 Commercial Remodel,Remodel,710 W 28TH ST,10/10/2008,Interior Remodel to existing Group Residential (Frat House),Final,"Michael Lowe, M Lowe Electric Inc",,,,,,Lockhart,TX,78644,(512) 736-9554,ZETA BETA TAU % LAMBDA CHAPTER HOUSE BILLIE COHEN,,,,,,AUSTIN,TX,78733 6301,,,,,,1040,0,0,"Lot: Block: Subdivision: GRAHAM SUBDIVISION OUTLOTS 60, 64, 67, 68"
2008-075052 EP,R- 435 Renovations/Remodel,Remodel,912 W MONROE ST,10/10/2008,"Rmdl exst 1 story sf res to update kitchen, replace sheetrock.",Final,"Benito Escobar, Bee Electric",115,Todd,TRL,,,Elgin,TX,78621,(512) 303-4536,,,,,,,,,,,,,,,0,1,0,LOT 10 BLK 1 MONROE HEIGHTS
2008-075053 EP,R- 435 Renovations/Remodel,Remodel,912 W MONROE ST,10/10/2008,"Rmdl exst 2 story garage apartment. Update kitchen, replace sheetrock.",Final,"Benito Escobar, Bee Electric",115,Todd,TRL,,,Elgin,TX,78621,(512) 303-4536,,,,,,,,,,,,,,,0,1,0,LOT 10 BLK 1 MONROE HEIGHTS
2008-075447 EP,R- 329 Res Structures Other Than Bldg,New,6409 VIA CORRETO DR,10/10/2008,"New 512 S.F. Swimming Pool and 180 S.F. of concrete decking. Requires an Enclosure Device for all Single-Family residences. The fence must be at least 4' in height, with a maximum gate opening of 4', as well. The gate must be equipped with both self-closing and self-locking mechanisms.",Final,"Jimmie Barnett, Barnett Electric",130,North Austin,,,,Paige,TX,78659,(512) 626-3170,,,,,,,,,,,,512,,,,1,0,Lot: 31 Block: A Subdivision: HEIGHTS AT LOMA VISTA (AKA SHADOWRIDGE CROSSING SEC 10)
2008-075458 EP,R- 101 Single Family Houses,New,8404 ALOPHIA DR,10/10/2008,"New Construction. Volume Builder. 3151SF, single family residence.",Final,"Calvin Lockhart, Calvin's Electric Company",,,,,,Dripping Springs,TX,78620,(512) 445-4580,,,,,,,,,,,,3610,,,,1,0,LOT 35 BLK E MERIDIAN SEC C PHS 3
2008-075904 EP,R- 435 Renovations/Remodel,Repair,5104 SADDLERIDGE CV,10/10/2008,Repair fire damage to rear portion of 2nd story for exst 2 story sf res.,Final,"Russell Jones, Russell Jones Electric",3378,FM 1478,,,,LAMPASAS,TX,76550,(512) 556-8702,,,,,,,,,,,,,,,800,1,0,
2008-076640 BP,C- 329 Com Structures Other Than Bldg,New,12221 N MOPAC EXPY NB,10/10/2008,New Construction Carports at existing Hospital.,Final,DPR Construction,9606,Mopac,EXPY,Suite,300,AUSTIN,TX,78759,(512) 345-7699,ST DAVIDS HEALTHCARE PARTNERSHIP LP LLP,,,,,,AUSTIN,TX,78701 4237,(512) 341-1000,,2754,,35953,,0,0,36.3670 A LOT 1 BLK B CENTRUM SUBD THE RESUB OF BLK B & E
2008-076640 BP,C- 329 Com Structures Other Than Bldg,New,12221 N MOPAC EXPY NB,10/10/2008,New Construction Carports at existing Hospital.,Final,DPR Construction,9606,Mopac,EXPY,Suite,300,AUSTIN,TX,78759,(512) 345-7699,ST DAVIDS HEALTHCARE PARTNERSHIP LP LLP,,,,,,AUSTIN,TX,78701 4237,,,2754,,35953,,0,0,36.3670 A LOT 1 BLK B CENTRUM SUBD THE RESUB OF BLK B & E
2008-076641 BP,C- 329 Com Structures Other Than Bldg,New,12221 N MOPAC EXPY NB,10/10/2008,New Construction Carports at existing Hospital.,Final,DPR Construction,9606,Mopac,EXPY,Suite,300,AUSTIN,TX,78759,(512) 345-7699,ST DAVIDS HEALTHCARE PARTNERSHIP LP LLP,,,,,,AUSTIN,TX,78701 4237,,,3564,,47998,,0,0,36.3670 A LOT 1 BLK B CENTRUM SUBD THE RESUB OF BLK B & E
2008-076641 BP,C- 329 Com Structures Other Than Bldg,New,12221 N MOPAC EXPY NB,10/10/2008,New Construction Carports at existing Hospital.,Final,DPR Construction,9606,Mopac,EXPY,Suite,300,AUSTIN,TX,78759,(512) 345-7699,ST DAVIDS HEALTHCARE PARTNERSHIP LP LLP,,,,,,AUSTIN,TX,78701 4237,(512) 341-1000,,3564,,47998,,0,0,36.3670 A LOT 1 BLK B CENTRUM SUBD THE RESUB OF BLK B & E
2008-076642 BP,C- 329 Com Structures Other Than Bldg,New,12221 N MOPAC EXPY NB,10/10/2008,New Construction Carports at existing Hospital.,Final,DPR Construction,9606,Mopac,EXPY,Suite,300,AUSTIN,TX,78759,(512) 345-7699,ST DAVIDS HEALTHCARE PARTNERSHIP LP LLP,,,,,,AUSTIN,TX,78701 4237,(512) 341-1000,,810,,12048,,0,0,36.3670 A LOT 1 BLK B CENTRUM SUBD THE RESUB OF BLK B & E
2008-076642 BP,C- 329 Com Structures Other Than Bldg,New,12221 N MOPAC EXPY NB,10/10/2008,New Construction Carports at existing Hospital.,Final,DPR Construction,9606,Mopac,EXPY,Suite,300,AUSTIN,TX,78759,(512) 345-7699,ST DAVIDS HEALTHCARE PARTNERSHIP LP LLP,,,,,,AUSTIN,TX,78701 4237,,,810,,12048,,0,0,36.3670 A LOT 1 BLK B CENTRUM SUBD THE RESUB OF BLK B & E
2008-076643 BP,C- 329 Com Structures Other Than Bldg,New,12221 N MOPAC EXPY NB,10/10/2008,New Construction Covered walkway at existing Hospital.,Final,DPR Construction,9606,Mopac,EXPY,Suite,300,AUSTIN,TX,78759,(512) 345-7699,ST DAVIDS HEALTHCARE PARTNERSHIP LP LLP,,,,,,AUSTIN,TX,78701 4237,,,730,,10000,,0,0,36.3670 A LOT 1 BLK B CENTRUM SUBD THE RESUB OF BLK B & E
2008-076643 BP,C- 329 Com Structures Other Than Bldg,New,12221 N MOPAC EXPY NB,10/10/2008,New Construction Covered walkway at existing Hospital.,Final,DPR Construction,9606,Mopac,EXPY,Suite,300,AUSTIN,TX,78759,(512) 345-7699,ST DAVIDS HEALTHCARE PARTNERSHIP LP LLP,,,,,,AUSTIN,TX,78701 4237,(512) 341-1000,,730,,10000,,0,0,36.3670 A LOT 1 BLK B CENTRUM SUBD THE RESUB OF BLK B & E
2008-076803 BP,R- 434 Addition & Alterations,Addition,8610 RUDDINGTON DR,10/10/2008,new screened in porch addition to rear of existing sf res,Expired,Statewide Remodeling of Austin,2209-A,RUTLAND,DR,Suite,100A,AUSTIN,TX,78758,(512) 453-5858,,,,,,,,,,,,92,,43286,,1,0,Lot: 12 Block: I Subdivision: BUCKINGHAM ESTATES PH 3 SEC 2-B
2008-076897 EP,"C- 437 Addn, Alter, Convn-NonRes",Addition and Remodel,6804 N CAPITAL OF TEXAS HWY SB,10/10/2008,Addition (264sf) and Remodel (512sf) to existing Clubhouse for Multi-Family Res Apts,Final,"Jay Pace, Pace Electric",11707,North Oaks,DR,,,Austin,TX,78753,(512) 560-3051,WALDEN OAKS-AUSTIN LLC,,,,,,ISSAQUAH,WA,98029 5212,,,264,,,,0,0,
2008-076947 MP,C-1001 Commercial Finish Out,Remodel,9900 W PARMER LN UNIT 100,10/10/2008,Tenant Finish-Out for Personal Services,Final,"Christopher Cook,",18,Indian Meadow,,Suite,510,Round Rock,TX,78664,(512) 244-3436,,,,,,,,,,,,,,,1957,0,0,
2008-077120 PP,R- 434 Addition & Alterations,Addition and Remodel,8913 SPRING LAKE DR,10/10/2008,"Remodel patial one car garage space of three car garage spaces to enclose to create den & add hallway & bathroom, bedroom, closet",Final,"Timothy C Kinsey, Onion Creek Plumbing LLC",10303,OLD MANCHACA,RD,,,AUSTIN,TX,78748,(512) 282-5908,,,,,,,,,,,4510.6,440.7,,,,1,0,
2008-077246 BP,R- 101 Single Family Houses,New,8420 CHICK PEA LN,10/10/2008,"New 2-story single-family residence, attached garage, covered porch. **VOL BUILD PROJECT**",Final,"Mainstreet Homes, LTD Main",5716,US 290,HWY,Suite,205,Austin,TX,78735,(512) 327-8620,,,,,,,,,,,,2200,,70000,,1,0,Lot: 24 Block: B Subdivision: PARKRIDGE GARDENS (AKA PEACEFUL HILL SUBD)
2008-077247 EP,R- 435 Renovations/Remodel,Remodel,1300 ROMERIA DR,10/10/2008,"Remodel to convert garage to livingroom, bathroom & utilityroom",Final,"Robert Parker, Eagle Electric Company",112-C,Fm 672,,,,Dale,TX,78616,(830) 875-5595,,,,,,,,,,,,,,,0,1,0,
2008-077448 MP,C-1000 Commercial Remodel,Remodel,3401 W PARMER LN,10/10/2008,"Repair fire damage to units 2034, 2024, 2014, to exst comm building",Final,"Steve Jones, Perfect Climate Inc",1408,Lakeway,Dr,,,Austin,TX,78734,(512) 619-8025,OTR ATTN ED TRACY REAL ESTATE,,,,,,COLUMBUS,OH,43215 3703,,,,,,3494,3,0,
2008-077465 PP,C-1000 Commercial Remodel,Remodel,206 S WILD BASIN RD BLDG A UNIT 201,10/10/2008,Interior remodel to existing Admn/Bus/Prof Office.,Final,"David Crouchet, C & N Plumbing",16907,Bluestem,Ct,,,Austin,TX,78737,(512) 858-4108,,,,,,,,,,,,,,,4799,1,0,
2008-078247 BP,C- 329 Com Structures Other Than Bldg,New,901 S MOPAC EXPY NB BLDG 4,10/10/2008,NEW CONCRETE PAD AND PLACEMENT FUEL TANK,Final,Austin Fleet Maintenance,4812,7th,ST,,,Austin,TX,78702,(512) 836-8000,,,,,,,,,,,,42,,60000,,0,0,
2008-078352 EP,R- 435 Renovations/Remodel,Remodel,1121 MAP ST,10/10/2008,"Partial roof replacement, repair/replace ext windows & upgrade elec srv",Final,"Jeff Ellis, AAAA Electric",503,Los Vista,DR,,,LEANDER,TX,78641,(512) 968-5843,HARRIS EMMA JEAN CRAFT & MARY ELIZABETH CRAFT CLARK,1121,Map,ST,,,AUSTIN,TX,78721 2540,,,,,,0,1,0,LOT 1 BLK 2 PECAN VALLEY
2008-078536 BP,R- 101 Single Family Houses,New,8521 SHALLOT WAY,10/10/2008,"New 1-story single-family residence, attached garage, covered porch. **VOL BUILD PROJECT**",Final,"Mainstreet Homes, LTD Main",5716,US 290,HWY,Suite,205,Austin,TX,78735,(512) 327-8620,,,,,,,,,,,,1457,,70000,,1,0,Lot: 5 Block: B Subdivision: PARKRIDGE GARDENS (AKA PEACEFUL HILL SUBD)
2008-078582 PP,C-1000 Commercial Remodel,Remodel,4404 W WILLIAM CANNON DR UNIT B,10/10/2008,"Interior remodel to return to shell, *SHELL ONLY NOT FOR OCCUPANCY*.",Final,"Anthony Courtney, ACE Plumbing",1850,Ceberry,DR,,,Austin,TX,78759,(512) 589-3148,,,,,,,,,,,,,,,4276,0,0,LOT 1A BLK A WESTCREEK SEC 10 PHS F RESUB OF LOT 1
2008-078915 EP,R- 330 Accessory Use to Primary,New,6208 NORTHERN DANCER DR,10/10/2008,New Detached Cabana,Final,"Jimmie Barnett, Barnett Electric",130,North Austin,,,,Paige,TX,78659,(512) 626-3170,,,,,,,,,,,,432,,,,1,0,Lot: 43 Block: Subdivision: DAVENPORT RANCH PHASE 5 SECTION 1
2008-079260 EP,R- 434 Addition & Alterations,Addition and Remodel,1706 VIRGINIA AVE,10/10/2008,Add Covered deck & remodel to install 2 exterior doors & pass through opening between livingroom & kitchen,Final,"Fred Hoskins, Hoskins Electric Co.",414,Thompson,LN,,,Austin,TX,78742,(512) 385-8831,,,,,,,,,,,2172,216,,,,1,0,LOT 1A BLK 3 RESUB OF LOT 1-2 LINSCOMB SUSIE CATER ANNEX
2008-079270 BP,R- 645 Demolition One Family Homes,Demolition,3006 FONTANA DR,10/10/2008,"Demolish a NON-EXISTENT circa 1956, 1 story, 825 square foot single family residence. Demolished without a permit (paid investigation fee) (See 2011-078434)",VOID,"Travis Peak Homes, Llc",1101,LOOP 360,,Bldg,"H, STE 201",AUSTIN,TX,78746,,GARCIA JULIO N & DOLORES S & MARISA VALDEZ,,,,,,AUSTIN,TX,78739,,825,,,5000,,1,0,Lot: 4 Block: D Subdivision: SOUTH PARK SEC 1
2008-079374 BP,C-1000 Commercial Remodel,Remodel,2317 1/2 DOUGLAS ST UNIT B,10/10/2008,Co-location to existing telecommunication tower and accociated ground equipment. (See 2010-038055 for repermit),VOID,"Joji George, ALL Pro Consulting Group",9221,LBJ FREEWAY,,SUITE,204,DALLAS,TX,75243,(972) 231-8893,,,,,,,,,,,,,65000,,1390,0,0,"Lot: 7 Block: Subdivision: WILLOW CREEK COMMERCIAL, SECTION II"
2008-079453 EP,Residential,Remodel,708 W MONROE ST,10/10/2008,Install HVAC to exsting resid only,Final,"Jose Herrera, Network And Electrical Technologies, Inc.",,,,,,Austin,TX,78709-1265,(512) 297-2985,,,,,,,,,,,,,,,,1,0,Lot: 4 Block: 3 Subdivision: R. G. SMITH ADDITION
2008-079511 BP,C-1000 Commercial Remodel,Remodel,360 NUECES ST UNIT 3001,10/10/2008,"Interior remodel to existing Multi-Family Res. Condo, combine 2units into 1 unit. Job contact is Joe Morales",Final,"W Building & Design, LLC",3314,BIG BEND,DR,,,AUSTIN,TX,78731,(512) 968-8767,,,,,,,,,,,,,19000,,1532,0,0,
2008-079512 EP,C-1000 Commercial Remodel,Remodel,4801 PLAZA ON THE LAKE UNIT 200,10/10/2008,Interior remodel to existing Financial Services.,Final,"Greg Pasket, Austin Generator Service",2004,Howard,LN,,,AUSTIN,TX,78728,(512) 251-2247,,,,,,,,,,,,,,,560,0,0,
2008-079516 BP,C-1000 Commercial Remodel,Remodel,210 BARTON SPRINGS RD UNIT 500,10/10/2008,Interior remodel to existing Admn/Bus/Prof Office.,Final,The Burt Group,2111,KRAMER,LN,Suite,100,Austin,TX,78758,(512) 275-0881,,,,,,,,,,,,,70000,,3900,1,0,"Lot: 5A Block: Subdivision: T. L. SUBDIVISION NO. 1, RESUBDIVISION OF LOT 5"
2008-079600 BP,C-1000 Commercial Remodel,Remodel,10415 MORADO CIR BLDG 1 UNIT 210,10/10/2008,Interior remodel to existing Admn/Bus/Prof Office. (2009-088363 for repermit),VOID,"Capitol Area Contractors, Inc.",700,LAVACA,ST,Suite,709,AUSTIN,TX,78701,(512) 474-7403,,,,,,,,,,,,,45000,,2137,5,0,
2008-079603 BP,C-1000 Commercial Remodel,Remodel,10814 JOLLYVILLE RD BLDG 4 UNIT 160,10/10/2008,Interior remodel to existing Admn/Bus/Prof Office.,Final,"Capitol Area Contractors, Inc.",700,LAVACA,ST,Suite,709,AUSTIN,TX,78701,(512) 474-7403,,,,,,,,,,,,,20000,,167,5,0,
2008-079728 PP,R- 101 Single Family Houses,New,7816 GINGERS CV,10/10/2008,"New 2-story single-family residence, attached garage, covered porch and patio, covered balcony.",Final,"Robert Christianson,",1950,Louis Henna,BLVD,,,Round Rock,TX,78664,(512) 246-5200,,,,,,,,,,,,5253,,,,1,0,
2008-079796 PP,R- 101 Single Family Houses,New,7800 GINGERS CV,10/10/2008,"New 2-story single-family residence, attached garage, covered porch and patio.",Final,"Robert Christianson,",1950,Louis Henna,BLVD,,,Round Rock,TX,78664,(512) 246-5200,,,,,,,,,,,,4335,,,,1,0,
2008-079799 BP,"C- 318 Amusement, Social & Rec Bldgs",Shell,3225 AMY DONOVAN PLZ,10/10/2008,NEW SHELL THEATER(NOT FOR OCCUPANCY),Final,"HCBeck, LTD",1807,Ross,Ave,Suite,500,Dallas,TX,75201,(214) 303-6200,,,,,,,,,,,,42668,,3700000,,0,0,
2008-079819 BP,R- 434 Addition & Alterations,Addition and Remodel,2601 ZARAGOSA ST,10/10/2008,"Partial demolition to construct addtn to exst 1 story sf res to fill in exst crawl space to create 1st story kitchen, living, bath, study, bdrm, utility rm. Rmdl exst 1st story to create 2nd story master suite, convert exst kitchen to family rm, create 2 bdrm, bath. Remove exst driveway approach and install new 12' approach.",Final,"Christine Valdez, Valdez Remodeling & Weatherization Inc.",3700,Munson,ST,,B,Austin,TX,78721,(512) 926-5700,,,,,,,,,,,,2125.5,9000,161000,,1,0,Lot: 5 Block: 2 Subdivision: I.P. JONES SUBD
2008-079870 PP,C-1001 Commercial Finish Out,Remodel,6805 MANCHACA RD,10/10/2008,Tenant Finish-Out to create General Retail ( Carpet Store ).,Final,"Christian F Ortiz, Blue 42 LLC",,,,,,Hutto,TX,78634,(512) 949-1729,,,,,,,,,,,,,,,3322,1,0,Lot: 21 Block: Subdivision: MATTHEWS PLACE
2008-079890 BP,R- 645 Demolition One Family Homes,Demolition,1707 RIVER HILLS RD,10/10/2008,"Demolish a 806 SF, Single family residence",Final,Southwest Destructors****MAIN***,,,,,,AUSTIN,TX,78763,(512) 836-0667,,,,,,,,,,,806,,,5000,,1,0,
2008-079891 BP,R- 649 Demolition All Other Bldgs Res,Demolition,1707 RIVER HILLS RD,10/10/2008,Demolish a swimming pool/cabana.,Final,Southwest Destructors****MAIN***,,,,,,AUSTIN,TX,78763,(512) 836-0667,,,,,,,,,,,0,,,5000,,1,0,
2008-079893 PP,R- 101 Single Family Houses,New,7800 TEXAS PLUME RD,10/10/2008,"New 2-story single-family residence, attached garage, covered porch and patio.",Final,"Robert Christianson,",1950,Louis Henna,BLVD,,,Round Rock,TX,78664,(512) 246-5200,,,,,,,,,,,,4030,,,,1,0,
2008-079966 EP,Commercial,Repair,3900 DROSSETT DR BLDG C,10/10/2008,Repair service/replacing 100 amp disconnect Ref # 2012-000757,VOID,"Sherman Debusk, Debusk Electric, Inc. (main)",,,,,,Austin,TX,78760,(512) 462-0707,,,,,,,,,,,,,,,0,0,0,LOT 1 & 2 BLK A MISSOURI-PACIFIC INDUSTRIAL PARK SEC 1
2008-079967 BP,R- 434 Addition & Alterations,Addition and Remodel,1903 MC CALL RD,10/10/2008,"Remodel 1st fl existing kitchen into diningroom, master bedroom & bath & addition 1st fl gameroom, storage room, mud room, stairs & covered terrace & add 2nd fl kitchen",Final,"David Morgan, IDM Builders",350,CR 258,,,,LIBERTY HILL,TX,78731,(512) 748-0966,GETTO CHRISTOPHER ALAN,,,,,,AUSTIN,TX,78703 3023,,,1676,69000,169000,,1,0,Lot: Block: Subdivision: WESTFIELD A
2008-079968 MP,Residential,Remodel,2631 DEERFOOT TRL,10/10/2008,change out existing hvac to existing residence.,VOID,"Thomas McClaude, T M AC & Heating",1713,Jackson,Dr,,,Cedar Park,TX,78613,(512) 335-6801,,,,,,,,,,,,,,,1500,1,0,Lot: 19 Block: 9 Subdivision: THE OAKS OF BARTON
2008-079969 BP,R- 434 Addition & Alterations,Addition,4313 JINX AVE,10/10/2008,Detached storage building with 1/2 bathroom.,Final,"Shawn M Bonifay,",4313,Jinx,Ave,,,Austin,TX,78745,(512) 947-3948,BONIFAY SHAWN,,,,,,AUSTIN,TX,78745 1024,,,400,,25000,,1,0,Lot: 3 Block: D Subdivision: BANISTER ACRES SECTION 2
2008-079969 PP,R- 434 Addition & Alterations,Addition,4313 JINX AVE,10/10/2008,detached personal office with 1/2 bathroom.,Final,"Mel Pina, Master Rooter",5184,Rose,Trl,,,San Marcos,TX,78666,(512) 395-5729,BONIFAY SHAWN,,,,,,AUSTIN,TX,78745 1024,,964,400,,,,1,0,Lot: 3 Block: D Subdivision: BANISTER ACRES SECTION 2
2008-079970 MP,Residential,Remodel,6113 JANEY DR,10/10/2008,change out existing hvac to existing residence. **refer to pmt # 2009-089624**,VOID,"Thomas McClaude, T M AC & Heating",1713,Jackson,Dr,,,Cedar Park,TX,78613,(512) 335-6801,O'ROURKE KAREN ELIZABETH,,,,,,AUSTIN,TX,78757 4435,,,,,,1750,1,0,
2008-079971 EP,Commercial,Repair,3900 DROSSETT DR BLDG A,10/10/2008,Repair service/replacing 100 amp disconnect to,Final,"Sherman Debusk, Debusk Electric, Inc. (main)",,,,,,Austin,TX,78760,(512) 462-0707,,,,,,,,,,,,,,,0,0,0,LOT 1 & 2 BLK A MISSOURI-PACIFIC INDUSTRIAL PARK SEC 1
2008-079972 MP,Residential,Remodel,2117 CLIFTON ST,10/10/2008,**ref permit#2010-040628**change out existing hvac & add mini split to existing residence.,VOID,"Thomas McClaude, T M AC & Heating",1713,Jackson,Dr,,,Cedar Park,TX,78613,(512) 335-6801,,,,,,,,,,,,,,,2150,2,0,Lot: 10 Block: Subdivision: PLEASANT VIEW ADDITION
2008-079975 MP,Residential,Change Out,2100 PIPERS FIELD DR UNIT 7,10/10/2008,Change out HVAC to residence,Final,"Don Faught, Faught Service Company, Inc.",,,,,,Austin,TX,78766,(512) 419-1066,,,,,,,,,,,,,,,,,0,UNT 35 BLD 5 MARBELLA VILLAS TOWNHOMES A CONDOMINIUM PHS II PLUS 1.6% INTEREST IN COMMON AREA
2008-079976 PP,Residential,Irrigation,3808 CAL RODGERS ST,10/10/2008,Install irrigation system to residence,Final,,,,,,,,,,,,,,,,,,,,,,,,,,,0,"Lot: 27 Block: 55 Subdivision: MUELLER SEC 4, AMENDED PLAT OF"
2008-079982 EP,Residential,Upgrade,5803 GARDEN OAKS DR,10/10/2008,Upgrade elec serv to exst res,Final,"James L. Cox, Cox Electrical Services",707,Serenada,DR,,,GEORGETOWN,TX,78628,(512) 876-8766,,,,,,,,,,,,,,,1700,1,0,Lot: 12 Block: E Subdivision: FLOURNOY'S SWEETBRIAR SEC 5
2008-079984 BP,R- 434 Addition & Alterations,Addition,11909 BROOKWOOD RD,10/10/2008,new storage shed with wood deck to rear of existing sf res,VOID,"Doug Davis,",11909,BROOKWOOD,RD,,,AUSTIN,TX,78750,(512) 740-8699,"Kathryn Davis,",,,,,,AUSTIN,TX,78750 2744,(512) 740-8699,,528,,5000,,1,0,LOT 3 BLK C BALCONES VILLAGE SEC 9 (.161AC TRAVIS CO)
2008-080000 PP,Residential,Remodel,3700 ENFIELD RD,10/10/2008,Replace sewer line,Final,"Ray Mojica, Ray Mojica Services Lp",1808,Bench Mark,Dr,,,Austin,TX,78728,(512) 251-7731,UYEKI JAMES & MARY CAMPBELL SOMERVILLE,,,,,,AUSTIN,TX,78703 3614,,,,,,,0,0,Lot: 1 Block: Subdivision: WALSH PLACE DIV B
2008-080002 BP,R- 101 Single Family Houses,New,2003 E 11TH ST,10/10/2008,"New 2 story SF res, uncov'd wood decks, rear cov'd porch, uncov'd balcony (refer# 2011-005100-BP)",VOID,"SEAN MURPHY, Escala Homes LLL",,,,,,Austin,TX,78703,(512) 698-7326,"Michael Guenther,",,,,,,AUSTIN,TX,78702 2803,,,2578.7,,130000,,1,0,Lot: 11 Block: G Subdivision: COLLEGE HEIGHTS
2008-080002 BP,R- 101 Single Family Houses,New,2003 E 11TH ST,10/10/2008,"New 2 story SF res, uncov'd wood decks, rear cov'd porch, uncov'd balcony (refer# 2011-005100-BP)",VOID,"SEAN MURPHY, Escala Homes LLL",,,,,,Austin,TX,78703,(512) 698-7326,GUENTHER MICHAEL,,,,,,AUSTIN,TX,78702 2803,,,2578.7,,130000,,1,0,Lot: 11 Block: G Subdivision: COLLEGE HEIGHTS
2008-080003 BP,R- 330 Accessory Use to Primary,New,2003 E 11TH ST,10/10/2008,"Detached garage w/ 2nd floor bonus room, & uncov'd wood decks",Withdrawn,"SEAN MURPHY, Escala Homes LLL",,,,,,Austin,TX,78703,(512) 698-7326,"Michael Guenther,",,,,,,AUSTIN,TX,78702 2803,,,1181.6,,130000,,1,0,Lot: 11 Block: G Subdivision: COLLEGE HEIGHTS
2008-080003 BP,R- 330 Accessory Use to Primary,New,2003 E 11TH ST,10/10/2008,"Detached garage w/ 2nd floor bonus room, & uncov'd wood decks",Withdrawn,"SEAN MURPHY, Escala Homes LLL",,,,,,Austin,TX,78703,(512) 698-7326,GUENTHER MICHAEL,,,,,,AUSTIN,TX,78702 2803,,,1181.6,,130000,,1,0,Lot: 11 Block: G Subdivision: COLLEGE HEIGHTS
2008-080008 BP,R- 435 Renovations/Remodel,Remodel,2306 CHEYENNE CIR,10/10/2008,Renovate kitchen in exst 1 story sf res.,Final,"Loyd J. Wiley, Specialty Builders",7128,Ridge Oak,Rd,,,Austin,TX,78749,(512) 652-8749,,,,,,,,,,,,,13866,,144,1,0,Lot: 7 Block: D Subdivision: WESTERN TRAILS ESTATES
2008-080022 PP,Residential,Irrigation,4025 MENDEZ ST,10/10/2008,Install irrigation system to residence,Final,,,,,,,,,,,,,,,,,,,,,,,,,,,0,Lot: 2 Block: 49 Subdivision: MUELLER-SECTION V
2008-080023 PP,Residential,Irrigation,4021 MENDEZ ST,10/10/2008,Install irrigation system to residence,Final,,,,,,,,,,,,,,,,,,,,,,,,,,,0,Lot: 1 Block: 49 Subdivision: MUELLER-SECTION V
2008-080025 PP,Residential,Irrigation,4005 MENDEZ ST,10/10/2008,Install irrigation system to residence,Final,,,,,,,,,,,,,,,,,,,,,,,,,,,0,Lot: 2 Block: 53 Subdivision: MUELLER-SECTION V
2008-080026 PP,Residential,Irrigation,15605 BANDON DR,10/10/2008,Install irrigation system to residence,Final,,,,,,,,,,,,,,,,,,,,,,,,,,,0,
2008-080033 PP,Residential,Change Out,11511 CHANCELLROY DR,10/10/2008,Change out water heater to residence,Final,"Mitchell Carey, ARS Rescue Rooter",2306,Howard Ln.,,Suite,A,Austin,TX,78728,(512) 381-3616,,,,,,,,,,,,,,,,,0,
2008-080037 BP,R- 434 Addition & Alterations,Addition,6323 THURGOOD AVE,10/10/2008,new 20ft by 39ft patio cover,Final,"Andres M. Rodriguez,",6323,THURGOOD,AVE,,,AUSTIN,TX,78721,(512) 385-9307,,,,,,,,,,,,780,,1500,,1,0,Lot: 20 Block: Subdivision: JOHNSTON TERRACE SEC 8
2008-080048 EP,Residential,Repair,1200 FAIRMOUNT AVE BLDG A,10/10/2008,Repair wires in elect meter to side A of existing duplex only.,Final,"Jay Pace, Pace Electric",11707,North Oaks,DR,,,Austin,TX,78753,(512) 560-3051,,,,,,,,,,,,,,,0,0,0,Lot: 6 Block: E Subdivision:
2008-080051 PP,Residential,Remodel,5904 HIGHLAND HILLS DR,10/10/2008,Replace customer shut off valve to residence and installing DCVA by meter,Final,"Gary Hacker, Clarke Kent Plumbing, Inc.",1408,Ben White,BLVD,,,Austin,TX,78704,(512) 477-2200,,,,,,,,,,,,,,,,0,0,
2008-080136 PP,Residential,Remodel,405 W MONROE ST,10/10/2008,Relocate & replace exst sewer line,Final,"James Priour, Oscar Renda Contracting, Inc.",522,Benson,LN,,,Roanoke,TX,76262,(210) 247-8811,,,,,,,,,,,,,,,,0,0,Lot: 8 Block: A Subdivision: GUS F. BECKER SUBDN
2008-080137 PP,Residential,Irrigation,2320 INDEPENDENCE DR,10/10/2008,Install irrigation system to residence,Final,,,,,,,,,,,,,,,,,,,,,,,,,,,0,
2008-080139 PP,Residential,Remodel,406 W MONROE ST,10/10/2008,Relocate & replace exst sewer line,Expired,"James Priour, Oscar Renda Contracting, Inc.",522,Benson,LN,,,Roanoke,TX,76262,(210) 247-8811,,,,,,,,,,,,,,,,0,0,Lot: 24 Block: Subdivision:
2008-080140 PP,Residential,Remodel,405 W MILTON ST,10/10/2008,Relocate & replace exst sewer line,Final,"James Priour, Oscar Renda Contracting, Inc.",522,Benson,LN,,,Roanoke,TX,76262,(210) 247-8811,JOVITA'S INC,,,,,,AUSTIN,TX,78704 3046,,,,,,,0,0,Lot: 17 Block: Subdivision:
2008-080141 PP,Residential,Remodel,416 W ANNIE ST,10/10/2008,Relocate & replace exst sewer line,Final,"James Priour, Oscar Renda Contracting, Inc.",522,Benson,LN,,,Roanoke,TX,76262,(210) 247-8811,REDFEARN WARREN & CELY ROSER,,,,,,AUSTIN,TX,78704 4214,,,,,,,0,0,
2008-080142 DS,Com. Driveway,New,1201 PAYTON GIN RD,10/10/2008,Construct new 25' commercial driveway approach to the AG building on Fairfield Dr.**nmt,Final,"kEVIN R. CAIN, Kevin Cain Construction Inc",,,,,,BUDA,TX,78610,(512) 376-3078,AUSTIN INDEPENDENT SCHOOL DISTRICT,1111,6TH,ST,STE,B-300,AUSTIN,TX,78703,,,,,,,,0,ABS 789 SUR 57 WALLACE J P ACR 32.40
2008-080144 PP,Commercial,Remodel,2330 S LAMAR BLVD,10/10/2008,Replace 100 gallon water heater to commerical building,Final,"David L Kinney, Kinney's Commercial, Inc",,,,,,Pflugerville,TX,78691,(512) 251-6916,,,,,,,,,,,,,,,0,0,0,TRT Z TWENTY FOUR O ONE BLUEBONNET ADDN
2008-080148 EP,Residential,Remodel,2902 CLARICE CT,10/10/2008,Add exterior sub-panel and kitchen lighting circuit to residence,Final,"Robert Bowne, Bowne Electric",2210,Denton,DR,Suite,109,Austin,TX,78758,(512) 454-5325,,,,,,,,,,,,,,,,0,0,
2008-080151 PP,Residential,Remodel,1205 GASTON AVE,10/10/2008,Hookup gas to emergency generator,Final,"Glenn Davey, Davey Plumbing Company",511,South Loop 4,,,,Buda,TX,78610,(512) 312-2011,,,,,,,,,,,,,,,,0,0,Lot: 8 Block: 18 Subdivision: PEMBERTON HEIGHTS FIRST SEC SEE 3/136
2008-080156 PP,Commercial,Irrigation,9900 S IH 35 SVRD SB BLDG S,10/10/2008,install irrigation system to commercial permit,Expired,,,,,,,,,,,,,,,,,,,,,,,,,,,0,LOT 2 BLK A SOUTHPARK MEADOWS RESUB LOT 15-C BLK A
2008-080158 DS,Res. Driveway,New,4500 SPEEDWAY,10/10/2008,04/02/09 C&G restored per E.Anglin. Permit canceled**nmt 03/02/09 Cancellation pending repair to C&G.**nmt 02/25/09 Request Cancel permit per Hector Avila/Sylvia Benavidez. Work not done.**nmt **(11/17/08)On Hold per Sylvia Benavidez - revise the permit to comply with NCCD.**nmt Construct new 16' driveway approach.**nmt (Hector Avila-applicant-agent he was notified the plans must be revised to comply with a 12' dw approach per the NORTH HYDE PARK NCCD (part 6.11(c)may not exceed 12' in width; (d) street yard parking may not be located except that 25% of the width or maximum of 20' for not more than 2 required spaces.,Closed,"Albert Ledesma,",11205,SOUTHWEST OAKS,,,,AUSTIN,TZ,78737,(512) 632-4344,WAUGH PROPERTIES INC,,,,,,AUSTIN,TX,78751 3656,,,,,,,,0,Lot: 8 Block: Subdivision: HYDE PARK ANNEX 1898
2008-080160 BP,R- 435 Renovations/Remodel,Life Safety,1124 BROOKSWOOD AVE,10/10/2008,Life Safety Permit for expired permit #'s 2002-019064BP & 2002-019065BP,Final,"Christopher Mendez,",6218,THURGOOD,AVE,,,AUSTIN,TX,78721,(512) 928-9097,,,,,,,,,,,,1277,,,,1,0,LOT 8 BROOKSWOOD
2008-080170 EP,R- 435 Renovations/Remodel,Remodel,2715 E 22ND ST,10/10/2008,"convert existing garage to exercise room. work to include removing garage door and reframing opening for siding, new windows, insulate and drywall",Final,"Benito Escobar, Bee Electric",115,Todd,TRL,,,Elgin,TX,78621,(512) 303-4536,,,,,,,,,,,,,,,200,1,0,Lot: 8 Block: 2 Subdivision: AUSTIN HEIGHTS
2008-080172 BP,R- 435 Renovations/Remodel,Remodel,3703 KENNELWOOD RD,10/10/2008,"Install new windows, doors, repair stucco, remove int wall between dining and living room, update kitchen, update baths-recate existing shower & replace bathtub & install new electric lighting",Final,Downing Homes,3801,CAPITAL OF TEXAS,HWY,Suite,E240-210,AUSTIN,TX,78746,(512) 423-7867,CUMMINGS PATRICIA J,,,,,,AUSTIN,TX,78703 2008,,,,15500,,0,1,0,ABS 313 SUR 8 GILBERT D J ACR 0.2580
2008-080173 BP,R- 435 Renovations/Remodel,Remodel,1124 BROOKSWOOD AVE,10/10/2008,Remodel to remove door windows (9) and put 1 window each on north and west sides,Final,"Christopher Mendez,",6218,THURGOOD,AVE,,,AUSTIN,TX,78721,(512) 928-9097,,,,,,,,,,,,,2000,,0,1,0,LOT 8 BROOKSWOOD
2008-080174 EP,Residential,Remodel,1511 ULLRICH AVE,10/10/2008,Relocate exsting elec srv to exsting resid only,Final,"Jeff Ellis, AAAA Electric",503,Los Vista,DR,,,LEANDER,TX,78641,(512) 968-5843,TEXAS D & E INVESTMENTS LLC,,,,,,AUSTIN,TX,78734 2660,,,,,,,1,0,LOT 1 BLK C BREEZY HOLLOW ADDN SEC NO 2
2008-080175 BP,R- 434 Addition & Alterations,Addition,12304 DEER TRACK,10/10/2008,"new detached workshop to rear of sf res, rebuild electric service, and add sub panels & add exterior plumbing faucets",Final,"Steve Smith, Pegasus Construction, LLC",3406,FM 112,,,,Taylor,TX,76574,(512) 801-2358,,,,,,,,,,,,1120,,5000,,1,0,
2008-080181 MP,Residential,Change Out,4314 SINCLAIR AVE,10/10/2008,Change out HVAC to residence,Final,"Alan Colley, Colley Company Inc.",12900,Lost Ridge,CIR,,,Leander,TX,78641,(512) 267-1220,,,,,,,,,,,,,,,,,0,Lot: 8 Block: 15 Subdivision: ROSEDALE D
2008-080184 MP,Residential,Change Out,5806 TRIBUTARY RIDGE DR,10/10/2008,Change out HVAC to residence,Final,"Stanley Johnson,",9200,WATERFORD CENTRE,BLVD,Unit,100,AUSTIN,TX,78758,(512) 929-9393,,,,,,,,,,,,,,,,,0,
2008-080211 MP,Residential,Change Out,1902 STANLEY AVE,10/10/2008,Change out HVAC to residence,Final,"Albert D Andrea, Mccullough Heating & Air Conditioning",2620,BUELL,AVE,,,AUSTIN,TX,78757,(512) 280-0011,,,,,,,,,,,,,,,,,0,Lot: 24 Block: E Subdivision:
2008-080213 EP,Residential,Remodel,1901 TRAVIS HEIGHTS BLVD,10/10/2008,Install solar electric system to existing service,Final,"Eric Kay, Meridian Solar Inc.",4109,Todd,Lane,Suite,900,AUSTIN,TX,78744,(512) 448-0055,MARTIN SAMUEL A,,,,,,AUSTIN,TX,78704 3639,,,,,,,0,0,Lot: 31 Block: 34 Subdivision:
2008-080214 BP,R- 435 Renovations/Remodel,Remodel,3907 AVENUE C,10/10/2008,"Remodel 1 sty existing garage to create gameroom. wet bar, bathroom",Final,512 Developing LLC,,,,,,Austin,TX,78720,(512) 507-0726,,,,,,,,,,,,,11000,,0,1,0,LOT 9-10 BLK 10 HYDE PARK ADDN NO 2
2008-080215 PP,Residential,Irrigation,1411 PEREZ ST,10/10/2008,Install irrigation system to residence,Final,,,,,,,,,,,,,,,,,,,,,,,,,,,0,Lot: 23 Block: 2 Subdivision: CHERNOSKY SUBDN NO 9
2008-080217 EP,Residential,Remodel,4110 RIDGELEA DR,10/10/2008,Install solor electric system to existing residence,Final,"Eric Kay, Meridian Solar Inc.",4109,Todd,Lane,Suite,900,AUSTIN,TX,78744,(512) 448-0055,,,,,,,,,,,,,,,,0,0,Lot: 63 Block: Subdivision: RIDGELEA
2008-080219 PP,Commercial,Irrigation,1112 E YAGER LN,10/10/2008,Install Irrigation System to Commercial Building Only.,Final,,,,,,,,,,,AYMOND GREGORY M BISHOP % CHARLES MULLER,,,,,,AUSTIN,TX,78701 1434,,,,,,,,0,
2008-080220 PP,Residential,Irrigation,2109 EMMA LONG ST,10/10/2008,Install irriagtion system to exst res **Smart Housing waive 62.5%,Final,,,,,,,,,,,,,,,,,,,,,,,,,,,0,Lot: 5 Block: 53 Subdivision: MUELLER-SECTION V
2008-080223 PP,Residential,Irrigation,2120 EMMA LONG ST,10/10/2008,Install irriagtion system to exst res **Smart Housing waive 62.5%,Final,,,,,,,,,,,,,,,,,,,,,,,,,,,0,Lot: 16 Block: 49 Subdivision: MUELLER-SECTION V
2008-080224 PP,Residential,Irrigation,3820 HARGIS ST,10/10/2008,Install irriagtion system to exst res **Smart Housing waive 62.5%,Final,,,,,,,,,,,,,,,,,,,,,,,,,,,0,Lot: 22 Block: 57 Subdivision: MUELLER-SECTION V
2008-080226 PP,Residential,Irrigation,2128 ANTONE ST,10/10/2008,Install irriagtion system to exst res **Smart Housing waive 62.5%,Final,,,,,,,,,,,,,,,,,,,,,,,,,,,0,Lot: 23 Block: 53 Subdivision: MUELLER-SECTION V
2008-080229 EP,Residential,Upgrade,515 W CROSLIN ST,10/10/2008,Upgrade electrical service to residence,Final,"Warren Washburn, Washburn Electric,Llc",260,West Bury,LN,,,Georgetown,TX,78633,(512) 751-4969,PETER MICHAEL E,,,,,,AUSTIN,TX,78723 3215,,,,,,0,0,0,
2008-080233 PP,Residential,Irrigation,3804 IDALIA DR,10/10/2008,Install irrigation system to residence,Expired,,,,,,,,,,,,,,,,,,,,,,,,,,,0,Lot: 29 Block: K Subdivision: OAK CREEK PARKE SECTION 4
2008-080234 PP,Residential,Change Out,1300 SINGLETON AVE,10/10/2008,Change out HVAC to residence,Final,"Mitchell Carey, ARS Rescue Rooter",2306,Howard Ln.,,Suite,A,Austin,TX,78728,(512) 381-3616,SANCHEZ IRENE,,,,,,AUSTIN,TX,78702 1830,,,,,,,,0,Lot: 6 Block: Subdivision: GLENWOOD ADDN 1904
2008-080238 PP,Residential,Irrigation,7432 MONTEZUMA ST,10/10/2008,Install irrigation system to residence,Final,,,,,,,,,,,,,,,,,,,,,,,,,,,0,Lot: 11 Block: F Subdivision: COLORADO CROSSING II - SEC 1 (SMART HOUSING) [A RESUB OF LOT 5A OF THE RESUB OF
2008-080252 EP,Residential,Remodel,7702 MEADOWVIEW LN,10/10/2008,Install new solar elec system w/ battery back up to exsting resid only,Final,"Michael Glicker, Custom Solar Electric",350,whitesand,PL,,,Dale,TX,78616,(512) 376-0807,,,,,,,,,,,,,,,,0,0,LOT 14A *RESUB OF LT 10-14 BLK C NORTHWAY CREST SEC 3
2008-080257 PP,Commercial,Remodel,3208 EXPOSITION BLVD,10/10/2008,Install outside underground Water & Wastewater only.,Final,"Victor Sosa, P. G. Sosa Plumbing & Heating",5500,Bolm Austin Tx,,,,Austin,TX,78760,(512) 385-2225,WESTMINSTER PRESBYTERIAN CHURCH,,,,,,AUSTIN,TX,78703 1200,(512) 459-5497,,,,,0,0,0,
2008-080261 MP,Commercial,Remodel,4520 BENNETT AVE,10/10/2008,change out 20-existing hvac on rooftop to existing commercial apartments.,Final,"Richard Gonzalez, Richs Heat & Air Condition",3904,Georgian,DR,,,Haltom City,TX,76117,(817) 298-6310,NORTH CAMPUS PORTFOLIO LLC,,,,,,AUSTIN,TX,78705,,,,,,0,20,0,Lot: 17 Block: Subdivision: RIDGETOP ANNEX (A RESUB OF BLOCK NO. 1)
2008-080262 MP,Residential,Change Out,8805 AMPEZO TRL,10/10/2008,Change out HVAC to residence,Final,"Thomas Strand, Strand Brothers, Inc.",1900,HOWARD,LN,Bldg,E,PFLUGERVILLE,TX,78660,(512) 834-8628,,,,,,,,,,,,,,,,,0,Lot: 8 Block: E Subdivision: MAPLE RUN SEC 8
2008-080263 PP,Residential,Remodel,1109 GASTON AVE,10/10/2008,Hookup gas to emergency generator,Final,"Glenn Davey, Davey Plumbing Company",511,South Loop 4,,,,Buda,TX,78610,(512) 312-2011,,,,,,,,,,,,,,,,0,0,ACR .981 OLT 10 DIVISION Z
2008-080264 PP,Residential,Remodel,1107 GASTON AVE,10/10/2008,Hookup gas to emergency generator,Final,"Glenn Davey, Davey Plumbing Company",511,South Loop 4,,,,Buda,TX,78610,(512) 312-2011,,,,,,,,,,,,,,,,0,0,
2008-080266 PP,Residential,Remodel,1201 GASTON AVE,10/10/2008,Hookup gas to emergency generator,Final,"Glenn Davey, Davey Plumbing Company",511,South Loop 4,,,,Buda,TX,78610,(512) 312-2011,,,,,,,,,,,,,,,,0,0,LOT 9 BLK 18 PEMBERTON HEIGHTS SEC 1
2008-080269 EP,Residential,New,4001 VAIL DIVIDE,10/10/2008,Install electric for new 2 story SF residence with attached garage-service only-EUD,Final,"Bryan Neal, Powerhouse Electrical Services, Inc.",503,Farley,DR,,,Austin,TX,78753,(512) 832-8900,,,,,,,,,,,,5511,,,,1,0,"Lot: 21 Block: C Subdivision: FALCONHEAD WEST, PHASE1. SECTION 1"
2008-080270 MP,Residential,Change Out,5812 ABILENE TRL,10/10/2008,Change out HVAC to residence,Final,"Albert D Andrea, Mccullough Heating & Air Conditioning",2620,BUELL,AVE,,,AUSTIN,TX,78757,(512) 280-0011,,,,,,,,,,,,,,,,,0,Lot: 11 Block: C Subdivision:
2008-080276 MP,Residential,Change Out,4606 CHIAPPERO TRL,10/10/2008,Change out HVAC to residence,Final,"John Haldenstein, Tradesman Services, LTD",,,,,,Elm Mott,TX,76640,(254) 829-0052,,,,,,,,,,,,,,,,,0,Lot: 35 Block: Subdivision:
2008-080277 MP,Residential,Change Out,1515 BETTY JO DR,10/10/2008,Change out HVAC to residence,Final,"David Coucke, Aire Serv Heating & Air of Austin",,,,,,Austin,TX,78720,(512) 900-7676,,,,,,,,,,,,,,,,,0,
2008-080278 MP,Residential,Change Out,2211 LEAR LN,10/10/2008,Change out HVAC to residence,Final,"Thomas Strand, Strand Brothers, Inc.",1900,HOWARD,LN,Bldg,E,PFLUGERVILLE,TX,78660,(512) 834-8628,,,,,,,,,,,,,,,,,0,Lot: 35 Block: A Subdivision:
2008-080280 MP,Residential,Change Out,5411 ALEXIS CV,10/10/2008,Change out HVAC to residence,Final,"Thomas Strand, Strand Brothers, Inc.",1900,HOWARD,LN,Bldg,E,PFLUGERVILLE,TX,78660,(512) 834-8628,,,,,,,,,,,,,,,,,0,Lot: 6 Block: Subdivision: CROSSING GARDENHOUSES II
2008-080281 MP,Residential,Change Out,11100 CHAMPIONS LN,10/10/2008,Change out HVAC to residence,Final,"Christopher Shelton, Empire Air Condition & Heating, LLC",102,Reyes,DR,,,Cedar Creek,TX,78612,(512) 458-3355,,,,,,,,,,,,,,,,,0,"Lot: 5-A Block: F Subdivision: ONION CREEK SECTION 2-A, BLOCK F, LOTS 5 & 6 AMENDED PLAT"
2008-080312 MP,Residential,Change Out,7301 GLENHILL RD,10/10/2008,Change out HVAC to residence,Final,"Lawrence Koch,",4300,Congress Ave.,,,,Ausitn,TX,78745,(512) 448-9298,,,,,,,,,,,,,,,,,0,
2008-080313 MP,R- 434 Addition & Alterations,Addition and Remodel,1001 DANIEL DR,10/10/2008,Remodel existing detached garage to create studio & partial demolition of south wall to add 1st fl bathroom (Refer to Permit 1996 000569-BP),Final,"Robert C Henderson, Austin Air Conditioning, Inc.",13620,IMMANEUL,RD,,,PFLUGERVILLE,TX,78660,(512) 252-7711,,,,,,,,,,,2212,60,,,,1,0,Lot: 42 Block: Subdivision: ARBOLES TERRACE
2008-080315 PP,Residential,Irrigation,12400 TIMBER HEIGHTS DR,10/10/2008,Install irrigation system to residence,Final,,,,,,,,,,,,,,,,,,,,,,,,,,,0,
2008-080319 EP,Commercial,Repair,2504 HUNTWICK DR,10/10/2008,"Replacing J-box (24 x 24 x 10) and repairing 3"" riser only (Bldg #7)",Final,"Craig Bryant, Bryant Electric Service",4825,WEIDEMAR,LN,,,AUSTIN,TX,78745,(512) 328-3268,TEXAS CHEVY CHASE DOWNS APARTM APARTMENTS LTD % DTI INVESTMENTS INC,,,,,,SANTA ANA,CA,92706 2621,,,,,,0,0,0,"Lot: 1 Block: E Subdivision: CHEVY CHASE SOUTH, PH 5-A"
2008-080319 EP,Commercial,Repair,2504 HUNTWICK DR,10/10/2008,"Replacing J-box (24 x 24 x 10) and repairing 3"" riser only (Bldg #7)",Final,"Craig Bryant, Bryant Electric Service",4825,WEIDEMAR,LN,,,AUSTIN,TX,78745,(512) 328-3268,TEXAS CHEVY CHASE DOWNS APARTM APARTMENTS LTD % DTI INVESTMENTS INC,,,,,,SANTA ANA,CA,92706 2621,,,,,,0,0,0,"Lot: 1 Block: E Subdivision: CHEVY CHASE SOUTH, PH 5-A"
2008-080321 EP,Commercial,Remodel,8740 RESEARCH BLVD SB,10/10/2008,Replace stolen ground wire,Final,"JIM THOMPSON, ALL AMERICAN PRO ELECTRIC",4500,PALM VALLY,BLVD,Suite,108-5,Round Rock,TX,78665,(512) 351-9424,WP DEVELOPMENTS LLC & BM DEVELOPMENTS LLC,,,,,,TARZANA,CA,91356 2648,,,,,,0,0,0,
2008-080322 PP,Residential,Irrigation,1204 BELMONT PKWY,10/10/2008,Install entire irrigation system to new res only.,Final,,,,,,,,,,,,,,,,,,,,,,,,,,,0,Lot: 20 Block: Subdivision: BELMONT
2008-080324 EP,Residential,New,137 HILLHOUSE LN,10/10/2008,New 1stry sf res elec serv only w/att garage and porch-EUD,Final,"Ronnie Kruse,",2215,Investment,DR,,,Pflugerville,TX,78660,(512) 252-0040,,,,,,,,,,,,1725,,,,1,0,Lot: 2 Block: E Subdivision: ASHBROOK
2008-080326 EP,Residential,Remodel,1704 W 31ST ST,10/10/2008,Temp meter loop for pmt # 2008-077386 & 2008-077387 only.,Final,"Bryan Neal, Powerhouse Electrical Services, Inc.",503,Farley,DR,,,Austin,TX,78753,(512) 832-8900,,,,,,,,,,,,,,,,0,0,Lot: 7 Block: 1 Subdivision:
2008-080327 EP,Residential,New,11533 AUTUMN ASH DR,10/10/2008,New 2stry w/att garage & porch elec serv only-EUD,Final,"Ronnie Kruse,",2215,Investment,DR,,,Pflugerville,TX,78660,(512) 252-0040,DURASAWIN SOUVAPA & SRINYA,,,,,,MANCHACA,TX,78652 3557,,,1644,,,,1,0,Lot: 15 Block: D Subdivision: ASHBROOK
2008-080331 EP,Residential,Remodel,2401 SWIRLING WIND CV,10/10/2008,Home Builders loop for pmt # 2008-079741 only. EUD,Final,"John Simmons, Flex Electric, Inc.",,,,,,Pflugerville,TX,78660,(512) 848-8537,,,,,,,,,,,,,,,,0,0,Lot: 46 Block: A Subdivision: BARTON CREEK ABC WEST PHASE II
2008-080332 PP,Residential,Remodel,4301 CHURCHILL DOWNS DR,10/10/2008,change out water heater to existing residence,Final,"Kenneth Salyer, Texas Heaters",505,Oak Ridge,Dr,,,Pflugerville,TX,78660,(512) 215-1636,,,,,,,,,,,,,,,,1,0,
